Point(1) = {0, 0, 0, 0.01};
Point(2) = {1, 0, 0, 0.25};
Point(3) = {-1, 1.224646799147353e-16, 0, 1};
Point(4) = {0.9238795325112867, -0.38268343236509, 0, 1};
Circle(1) = {2, 1, 3};
Circle(2) = {3, 1, 4};
Line(7) = {4, 1};
Line(8) = {1, 2};
Line Loop(11) = {1, 2, 7, 8};
Plane Surface(11) = {11};
Physical Line(1) = {1, 2, 7, 8};
Physical Surface(12) = {11};
